     0/499     4.69G      0.12   0.03458   0.03086    0.1854        60       640 0.0007451   0.06832 0.0001041 1.791e-05    0.1153    0.0275   0.03046
     1/499      4.7G    0.1167   0.03213   0.02965    0.1785        48       640 0.0008416    0.1009 0.0001452 3.605e-05    0.1104   0.02486   0.02967
     2/499      4.7G    0.1115   0.03036   0.02918     0.171        62       640  0.001852   0.05435 0.0003462 6.605e-05    0.1037   0.02376    0.0287
     3/499      4.7G    0.1072   0.02728    0.0284    0.1629        45       640  0.001808   0.02174 0.0005176 8.978e-05   0.09663    0.0235   0.02761
     4/499      4.7G    0.1002   0.03121   0.02809    0.1595        58       640  0.004542   0.06522  0.001681 0.0003262   0.08955   0.02376   0.02654
     5/499      4.7G   0.09434   0.02984   0.02693    0.1511        50       640   0.01463   0.07609  0.006597  0.001657   0.08273   0.02412   0.02553
     6/499      4.7G   0.08725   0.03139   0.02665    0.1453        65       640   0.03493    0.1444   0.01712  0.004442   0.07649   0.02452    0.0247
     7/499      4.7G   0.08118    0.0318   0.02666    0.1396        49       640    0.1283    0.2345   0.06842   0.02053   0.07007   0.02491   0.02414
     8/499      4.7G   0.07511   0.03676   0.02619    0.1381        67       640    0.2844    0.2236    0.1291   0.04125   0.06552   0.02482   0.02377
     9/499      4.7G   0.07125   0.03694   0.02454    0.1327        82       640    0.3651    0.3432    0.2156   0.08593   0.06031   0.02464   0.02313
    10/499      4.7G   0.06746   0.03477   0.02733    0.1296        76       640    0.6103    0.2345     0.241    0.0714   0.05998   0.02392   0.02314
    11/499      4.7G   0.06535   0.03546   0.02406    0.1249        68       640    0.2185    0.3758     0.227   0.06628   0.05634   0.02363   0.02276
    12/499      4.7G   0.06285   0.03222   0.02455    0.1196        51       640    0.6859    0.3407    0.3174    0.1486   0.05221   0.02297   0.02234
    13/499      4.7G   0.06087   0.03381   0.02516    0.1198        64       640    0.4298    0.4107     0.337    0.1387   0.05058   0.02192   0.02234
    14/499      4.7G   0.05744   0.03447   0.02462    0.1165        52       640    0.4104    0.3851    0.3207   0.06734   0.05406   0.01992   0.02228
    15/499      4.7G   0.05709   0.02947   0.02389    0.1104        42       640    0.3746     0.472    0.3955     0.184   0.04905   0.01907   0.02203
    16/499      4.7G   0.05588   0.02871   0.02325    0.1078        63       640    0.5465    0.5202    0.4092    0.1884   0.04824   0.01761   0.02146
    17/499      4.7G   0.05629   0.02609   0.02301    0.1054        68       640    0.3536    0.6382    0.3919    0.1814   0.04662   0.01672   0.02116
    18/499      4.7G   0.05654   0.02607   0.02369    0.1063        61       640    0.3643     0.573    0.4033    0.1892    0.0454   0.01561    0.0212
    19/499      4.7G   0.05448   0.02471   0.02568    0.1049        66       640    0.3243    0.6693    0.3698    0.1818   0.04552   0.01466   0.02177
    20/499      4.7G   0.05438   0.02182   0.02389    0.1001        51       640    0.3584    0.7733    0.4251    0.1997    0.0433   0.01409   0.02174
    21/499      4.7G   0.05509   0.02089   0.02457    0.1005        71       640     0.302    0.7733    0.3622    0.1534   0.04657   0.01355   0.02216
    22/499      4.7G   0.05644   0.01962   0.02289   0.09895        44       640    0.2787    0.7672    0.3298    0.1166   0.05186   0.01287   0.02186
    23/499      4.7G   0.05398   0.01966   0.02387   0.09751        73       640       0.4     0.573    0.3833    0.1936   0.04412   0.01317   0.02172
    24/499      4.7G    0.0525    0.0207   0.02499   0.09819        68       640    0.4025     0.507    0.3849    0.1886   0.04424   0.01267   0.02267
    25/499      4.7G   0.05126   0.01958   0.02346   0.09431        60       640    0.3614    0.5257     0.421    0.2118   0.04915   0.01202   0.02181
    26/499      4.7G   0.05164    0.0195   0.02348   0.09462        52       640      0.36    0.6413    0.4439    0.2495   0.04241   0.01193    0.0215
    27/499      4.7G   0.04939   0.01979   0.02247   0.09165        50       640    0.3243    0.7562    0.4274    0.2185   0.04341   0.01144   0.02106
    28/499      4.7G    0.0531   0.01832   0.02294   0.09436        70       640    0.4121    0.5916    0.4692    0.2538   0.04226   0.01127   0.02074
    29/499      4.7G    0.0518   0.01861   0.02364   0.09405        65       640    0.4331    0.5916    0.4757    0.2473   0.03668   0.01137    0.0209
    30/499      4.7G   0.05015   0.01841   0.02428   0.09284        65       640    0.3875     0.663    0.4402    0.2348   0.03644   0.01122   0.02202
    31/499      4.7G   0.04888   0.01756   0.02322   0.08966        64       640    0.5665     0.503    0.4799    0.2769   0.03805   0.01088   0.02138
    32/499      4.7G   0.04846    0.0172   0.02141   0.08707        52       640    0.4935    0.5807    0.4995    0.2648   0.03786   0.01076   0.02017
    33/499      4.7G   0.04796   0.01621   0.02069   0.08486        52       640     0.394    0.6382    0.4766    0.2058   0.03798   0.01043   0.01867
    34/499      4.7G   0.04783   0.01775   0.02127   0.08685        54       640    0.4238    0.6372     0.525     0.303   0.03752   0.01024    0.0183
    35/499      4.7G   0.04584    0.0158   0.02031   0.08195        42       640    0.4558    0.5807     0.524    0.2381   0.04388   0.01012   0.01746
    36/499      4.7G   0.04719   0.01668   0.01829   0.08215        62       640    0.4686    0.6165    0.5485    0.3341   0.04149  0.009999   0.01627
    37/499      4.7G   0.04731   0.01455   0.01801   0.07987        54       640    0.4461    0.6739    0.5623    0.2822   0.04445  0.009727   0.01482
    38/499      4.7G   0.04782   0.01561   0.01523   0.07867        54       640    0.5992    0.7205    0.7039    0.3014   0.03965  0.009698   0.01296
    39/499      4.7G   0.04925   0.01497   0.01435   0.07857        51       640    0.6731    0.7203    0.7129    0.3701   0.03882  0.009599   0.01153
    40/499      4.7G   0.04946   0.01641   0.01349   0.07937        63       640    0.8193    0.8363    0.8482    0.4829   0.03816  0.009509  0.009639
    41/499      4.7G   0.04803   0.01518  0.009859   0.07307        67       640    0.8124     0.773    0.8093    0.3514   0.04189  0.009395  0.008074
    42/499      4.7G   0.05005   0.01265  0.008021   0.07072        36       640    0.8048    0.6926    0.8065    0.4323   0.04145  0.009411  0.007558
    43/499      4.7G   0.05929   0.01563  0.008573   0.08349        84       640    0.5245    0.7404    0.5996    0.2068   0.04888  0.009687  0.007567
    44/499      4.7G   0.05404   0.01613  0.007774   0.07795        62       640    0.4736    0.7655    0.5848     0.156   0.05412   0.00917  0.006104
    45/499      4.7G   0.05777   0.01526  0.006183   0.07921        48       640    0.5531    0.6489     0.561    0.2258   0.05519  0.009103  0.005655
    46/499      4.7G   0.05945   0.01431  0.006167   0.07993        78       640    0.6386    0.6289    0.6802    0.2974   0.05293  0.008955  0.006456
    47/499      4.7G   0.05772   0.01489  0.005966   0.07857        50       640    0.5457    0.6609    0.5778     0.296   0.05181  0.009079  0.005737
    48/499      4.7G   0.05922    0.0132  0.005948   0.07837        63       640    0.7456    0.8199    0.8119    0.3957   0.04114  0.009414  0.005213
    49/499      4.7G   0.05324   0.01341  0.005213   0.07186        43       640    0.4324      0.84    0.6304     0.214   0.05857  0.008699  0.005185
    50/499      4.7G   0.05745   0.01398   0.00485   0.07628        58       640    0.6266    0.6561    0.6971    0.3376   0.04926  0.009093  0.005571
    51/499      4.7G   0.05255    0.0139  0.005121   0.07157        64       640    0.8098    0.8232    0.8831    0.3676   0.04335  0.009202  0.005147
    52/499      4.7G     0.051   0.01525  0.005287   0.07154        54       640    0.6117    0.6765    0.6209    0.2644   0.05595  0.008827  0.004108
    53/499      4.7G   0.05783   0.01447  0.004472   0.07678        42       640    0.6315    0.7073    0.6551    0.2349   0.04809   0.00901  0.004416
    54/499      4.7G   0.05538   0.01309   0.00451   0.07298        48       640    0.6574    0.7189    0.6941    0.2925   0.04561  0.008936  0.004603
    55/499      4.7G   0.05219   0.01423  0.004546   0.07097        44       640    0.8017    0.8297    0.7978    0.4045   0.04353  0.008516  0.004302
    56/499      4.7G   0.04917    0.0124  0.003976   0.06554        40       640     0.653    0.7189    0.6533    0.3039   0.04036  0.008434  0.004071
    57/499      4.7G   0.05115   0.01449  0.003837   0.06948        90       640    0.6285    0.6988     0.704    0.3629   0.04704  0.008155  0.004974
    58/499      4.7G    0.0487   0.01168    0.0042   0.06458        54       640    0.7019    0.8199    0.7576      0.44   0.04175  0.008376  0.004902
    59/499      4.7G   0.05499   0.01359  0.003895   0.07247        53       640    0.6409    0.7477    0.7328    0.3729   0.04496  0.008243  0.004601
    60/499      4.7G   0.04887    0.0142  0.004221   0.06729        50       640    0.6069    0.6963    0.7497    0.3544   0.04166  0.008125  0.004977
    61/499      4.7G   0.04945   0.01216   0.00394   0.06555        50       640    0.7226    0.8223    0.8385    0.4258   0.03948  0.008217  0.004297
    62/499      4.7G   0.05228   0.01228  0.003344    0.0679        38       640    0.8673    0.7725     0.851    0.5274   0.03737  0.008252  0.004733
    63/499      4.7G    0.0486   0.01345  0.004032   0.06609        60       640    0.8785    0.8322    0.8883    0.5404   0.03761  0.008155  0.004426
    64/499      4.7G   0.04524   0.01293  0.003067   0.06124        58       640    0.8254    0.8168    0.8205    0.4268   0.04062  0.008301  0.003858
    65/499      4.7G   0.04742   0.01265  0.002895   0.06296        62       640    0.7204    0.8005    0.7883    0.2986   0.04517  0.008283  0.003822
    66/499      4.7G   0.04767   0.01285  0.003201   0.06372        48       640    0.7951    0.8307    0.8071    0.5184   0.04107  0.008148  0.003687
    67/499      4.7G   0.04767     0.012  0.002967   0.06263        43       640    0.7172    0.8412     0.771    0.3476   0.04892  0.007856  0.003879
    68/499      4.7G   0.04917   0.01379  0.003061   0.06602        78       640    0.8533    0.8577    0.8968    0.5454   0.03518   0.00787  0.004063
    69/499      4.7G   0.04517    0.0123  0.002974   0.06045        57       640    0.8048    0.8059    0.8429    0.4629   0.03873  0.007864   0.00349
    70/499      4.7G   0.04366   0.01241   0.00264   0.05871        58       640    0.7882    0.7838    0.8655    0.4438   0.04044  0.007627  0.003238
    71/499      4.7G   0.04498    0.0124  0.002676   0.06005        39       640    0.8279    0.8307    0.9029    0.5851   0.03701  0.007729   0.00349
    72/499      4.7G   0.04349   0.01105   0.00267   0.05721        52       640    0.6632    0.7511    0.7906    0.3657   0.04412  0.007689  0.003243
    73/499      4.7G   0.04556   0.01267  0.002771     0.061        75       640    0.7512    0.6951     0.746    0.2896   0.04172  0.007667  0.003653
    74/499      4.7G   0.04545   0.01324  0.003539   0.06223        77       640    0.8748    0.8404     0.901    0.6053   0.03611   0.00749  0.003494
    75/499      4.7G   0.04368   0.01249  0.003104   0.05927        71       640    0.9611    0.7602    0.9148    0.5093    0.0368  0.007662  0.004744
    76/499      4.7G    0.0413   0.01185  0.002762   0.05591        39       640    0.8756    0.8521    0.9233    0.5196   0.03887  0.007463  0.003604
    77/499      4.7G   0.04675   0.01186  0.002872   0.06147        63       640    0.8213    0.7872    0.8286     0.521   0.03808  0.007614  0.003714
    78/499      4.7G   0.04255   0.01186  0.002756   0.05716        50       640    0.7179    0.7811    0.8141    0.3402   0.04436  0.007525  0.002754
    79/499      4.7G   0.04602   0.01215  0.002474   0.06065        40       640    0.9356    0.8115    0.9078    0.4818    0.0353  0.007511  0.003056
    80/499      4.7G   0.04053   0.01236  0.002731   0.05562        55       640    0.9599    0.7934    0.9349    0.6081   0.03505  0.007234  0.003687
    81/499      4.7G   0.04574    0.0103  0.002498   0.05854        48       640    0.8207     0.852    0.9027    0.4954   0.04086  0.007163  0.003618
    82/499      4.7G   0.04099   0.01127  0.002675   0.05494        48       640    0.9573    0.8848    0.9542    0.5867    0.0324  0.007204  0.002931
    83/499      4.7G   0.04007   0.01126  0.002416   0.05375        69       640    0.9486     0.837    0.9405    0.5754   0.03385  0.007075   0.00275
    84/499      4.7G    0.0448   0.01185  0.002206   0.05886        44       640    0.7529    0.8416    0.8363    0.4565   0.03923  0.007373   0.00291
    85/499      4.7G    0.0441   0.01106  0.002499   0.05766        47       640    0.9695     0.885     0.952    0.3951   0.04125  0.007393  0.002818
    86/499      4.7G   0.04207   0.01151  0.002485   0.05606        60       640    0.8827    0.8697    0.9369    0.5867   0.03503  0.007286  0.002867
    87/499      4.7G   0.04218    0.0116  0.002359   0.05614        73       640    0.9918    0.8416     0.964    0.5494   0.03562  0.007096  0.002768
    88/499      4.7G   0.03866   0.01166  0.002118   0.05244        68       640    0.7727    0.8307    0.8204    0.4885   0.03772  0.007542  0.002722
    89/499      4.7G    0.0425   0.01195   0.00241   0.05686        55       640    0.7891    0.8479    0.8703    0.4322   0.04506  0.007187  0.002789
    90/499      4.7G   0.04543   0.01063  0.002507   0.05856        59       640    0.9417     0.781    0.9222    0.5352   0.03558  0.007301  0.003184
    91/499      4.7G   0.04011   0.01184  0.003013   0.05496        70       640    0.9438    0.8409    0.9231     0.446   0.04098  0.007466  0.003523
    92/499      4.7G   0.04008   0.01162  0.002339   0.05404        59       640    0.9079    0.8163    0.9127     0.553   0.03502  0.007381  0.003169
    93/499      4.7G   0.03907   0.01048  0.002164   0.05171        37       640    0.8711    0.7778    0.9116     0.563   0.03619  0.007459  0.003086
    94/499      4.7G   0.04168   0.01145  0.002003   0.05513        60       640      0.78     0.795     0.869    0.5359   0.03727  0.007745  0.003091
    95/499      4.7G   0.04305   0.01141  0.002285   0.05675        49       640    0.7164     0.816    0.8451    0.4885   0.03788  0.007543  0.003079
    96/499      4.7G    0.0382   0.01049  0.002111    0.0508        46       640    0.7216    0.8495    0.8502    0.4343   0.04288  0.007478  0.003058
    97/499      4.7G   0.04337   0.01113   0.00253   0.05703        63       640    0.9682    0.9238    0.9587    0.5516    0.0327  0.007468  0.003199
    98/499      4.7G   0.03477   0.01056  0.002261   0.04759        47       640    0.8442    0.8525    0.9176    0.5365   0.03703  0.007382  0.002982
    99/499      4.7G   0.04088   0.01136  0.001982   0.05421        68       640    0.8968    0.9233    0.9309    0.6167   0.03136  0.007636  0.003309
   100/499      4.7G   0.03669   0.01148  0.002387   0.05056        74       640    0.6905    0.9674    0.8701    0.5063   0.03338   0.00737  0.003539
   101/499      4.7G   0.04073   0.01183  0.002217   0.05478        74       640    0.9299    0.8416    0.9241    0.6508   0.03089  0.007254  0.002777
   102/499      4.7G   0.04073   0.01099  0.002253   0.05398        67       640    0.8318    0.9457    0.9325    0.5645   0.03335  0.007132  0.002551
   103/499      4.7G   0.04047   0.01135  0.001773   0.05359        81       640     0.867    0.8476    0.9297    0.5567   0.03269  0.007132  0.002451
   104/499      4.7G   0.04006   0.01131  0.002198   0.05357        70       640    0.6972    0.8631    0.8016    0.4338   0.03353  0.007446   0.00227
   105/499      4.7G   0.03861   0.01126  0.002654   0.05252        56       640    0.8484    0.8285    0.9002    0.5312   0.03344   0.00726  0.002447
   106/499      4.7G   0.03812   0.01068  0.002717   0.05151        65       640    0.9244    0.8276    0.9134    0.6013   0.03512  0.007418  0.002655
   107/499      4.7G   0.03883   0.01003  0.002264   0.05112        41       640    0.9269    0.8417    0.9142    0.5833   0.03283  0.007629  0.002043
   108/499      4.7G   0.03869   0.01135   0.00198   0.05202        56       640    0.8652    0.8525    0.9027    0.6051   0.03239  0.007259  0.001462
   109/499      4.7G   0.03751   0.01031  0.002053   0.04987        60       640    0.9232    0.8416    0.9195    0.5332   0.03605  0.007528  0.001635
   110/499      4.7G   0.03445   0.01053  0.001594   0.04658        66       640    0.9459     0.809    0.9227    0.6604   0.03182  0.007501  0.003664
   111/499      4.7G   0.04037   0.01056  0.001996   0.05293        52       640    0.9437    0.8413    0.9345    0.5984   0.03304  0.007406  0.002339
   112/499      4.7G   0.03573    0.0118   0.00216   0.04969        61       640    0.9877    0.8587    0.9525    0.6445   0.02898    0.0072  0.002217
   113/499      4.7G   0.03708   0.01133  0.001705   0.05011        66       640    0.8714    0.9564     0.946    0.6093   0.03201  0.007198  0.001856
   114/499      4.7G   0.03334  0.009473  0.001839   0.04465        29       640    0.9203    0.9142    0.9526    0.6499   0.03014  0.007039  0.001823
   115/499      4.7G   0.03737   0.01014  0.001948   0.04946        62       640    0.8387    0.9099    0.9324    0.5871   0.03263  0.007359   0.00194
   116/499      4.7G   0.03397    0.0101  0.001768   0.04584        43       640    0.9131    0.9208     0.949    0.5922   0.03059  0.007236  0.001686
   117/499      4.7G   0.03641  0.009964    0.0018   0.04818        57       640    0.7262    0.9097    0.8856    0.5077   0.03232  0.007211  0.001861
   118/499      4.7G    0.0344    0.0101  0.002021   0.04652        72       640      0.93    0.9563    0.9608     0.611   0.03197  0.006985  0.002068
   119/499      4.7G   0.03653  0.009763  0.002408    0.0487        52       640    0.9207    0.9565    0.9575    0.7072   0.02897  0.006922  0.002271
   120/499      4.7G    0.0328  0.009238  0.001932   0.04397        47       640    0.9576    0.8067    0.9373    0.5935   0.03112  0.006976  0.001914
   121/499      4.7G   0.03587  0.009775   0.00153   0.04717        47       640    0.8879    0.9561    0.9423     0.593   0.03203  0.006939  0.002182
   122/499      4.7G   0.03332   0.01019  0.001582   0.04509        54       640     0.844    0.9565    0.9408    0.6571   0.02839  0.006968  0.002225
   123/499      4.7G   0.03393  0.009786  0.001854   0.04557        72       640    0.8965    0.8801    0.9429    0.6483   0.03067  0.007035  0.002346
   124/499      4.7G     0.033  0.008986  0.001777   0.04377        48       640    0.9256    0.8991    0.9394    0.6555   0.02874  0.007542  0.001995
   125/499      4.7G   0.03454  0.008975  0.001427   0.04494        40       640    0.8612    0.9099     0.938    0.5903   0.03379  0.007507  0.001613
   126/499      4.7G   0.03235  0.009391  0.001262   0.04301        51       640    0.9856    0.8252    0.9476    0.6427   0.03067  0.007133   0.00138
   127/499      4.7G   0.03612  0.009907  0.001505   0.04753        54       640    0.9319    0.9457    0.9551    0.6427   0.02934  0.006924  0.002471
   128/499      4.7G   0.03237   0.01067  0.001927   0.04497        74       640    0.9478    0.9348    0.9667    0.6212   0.03401  0.006895  0.002176
   129/499      4.7G   0.04169   0.01079  0.001506   0.05399        73       640    0.8853    0.9457    0.9317    0.5348   0.03799  0.006734  0.001683
   130/499      4.7G   0.03848   0.01146  0.001971   0.05191        55       640    0.9133    0.9539    0.9622     0.643   0.03127  0.007027  0.001759
   131/499      4.7G   0.03706   0.01158  0.002309   0.05095        65       640    0.8422    0.8199    0.9119    0.4835   0.04267  0.007477  0.001525
   132/499      4.7G   0.04478  0.009769  0.001868   0.05642        48       640    0.7407    0.8519    0.7814    0.3781    0.0373  0.008057  0.001528
   133/499      4.7G   0.03627   0.01129  0.002293   0.04985        57       640    0.9263    0.8602    0.9286     0.617    0.0324  0.007526  0.001725
   134/499      4.7G    0.0365   0.00977  0.001805   0.04808        57       640    0.8813    0.8634    0.9257    0.5381   0.03511  0.007147  0.001996
   135/499      4.7G   0.03896   0.01102  0.001791   0.05177        52       640    0.7797    0.7624    0.7966    0.4362   0.03999  0.007359  0.002174
   136/499      4.7G   0.04242   0.01026  0.001765   0.05444        53       640    0.8938    0.9239    0.9252    0.5816   0.03292  0.007809  0.002283
   137/499      4.7G   0.03198    0.0109   0.00192   0.04481        62       640    0.9485    0.8413    0.9418    0.5822   0.03347  0.007601  0.002089
   138/499      4.7G   0.03605   0.01053  0.001779   0.04837        49       640    0.9459    0.9099    0.9533    0.6052   0.03284  0.007366  0.002411
   139/499      4.7G    0.0388   0.01009  0.002119   0.05101        59       640    0.9628    0.9099     0.946    0.5227   0.03493  0.007704  0.002037
   140/499      4.7G   0.03498   0.01042     0.002    0.0474        67       640     0.794    0.9099    0.8876    0.6203   0.03177  0.007712  0.002096
   141/499      4.7G   0.03443   0.01072  0.001917   0.04707        63       640    0.8882    0.8991    0.9317    0.6016   0.03099  0.007325  0.002101
   142/499      4.7G   0.03896   0.01056   0.00138    0.0509        54       640    0.8481    0.8882    0.9159    0.6018   0.03554  0.007591  0.002671
   143/499      4.7G   0.03423   0.01073  0.001892   0.04685        66       640    0.9005    0.8199    0.9376     0.653   0.03076  0.007455  0.002928
   144/499      4.7G   0.03428   0.01006  0.001674   0.04601        44       640         1    0.8066    0.9469    0.6037   0.02969  0.007568   0.00235
   145/499      4.7G   0.03498   0.01007  0.001956   0.04701        58       640    0.7924    0.9348    0.9238    0.6015    0.0315   0.00781   0.00236
   146/499      4.7G   0.03139  0.009174  0.001935    0.0425        39       640    0.9177    0.9207    0.9582     0.645   0.03158  0.007649  0.002144
   147/499      4.7G   0.03718   0.01027  0.001615   0.04907        64       640    0.9865    0.8769    0.9512    0.5796   0.03689  0.007905  0.002917
   148/499      4.7G   0.04107   0.01075  0.001803   0.05363        61       640      0.95    0.8525    0.9407    0.5495   0.03321  0.007946  0.003894
   149/499      4.7G   0.03273   0.00915  0.002271   0.04415        44       640    0.9875    0.8059    0.9421    0.6498   0.02879  0.007544   0.00361
   150/499      4.7G   0.03275   0.01173  0.002132   0.04662        64       640    0.8785    0.8742    0.9464    0.6436   0.03031  0.006995  0.002632
   151/499      4.7G   0.03575  0.009382   0.00244   0.04757        60       640    0.9999    0.8695    0.9611    0.6325   0.03005  0.007008  0.002543
   152/499      4.7G   0.02911   0.01119  0.001836   0.04214        62       640     0.999    0.8921    0.9461    0.6541   0.02801  0.006685  0.001926
   153/499      4.7G   0.03157  0.008642   0.00168    0.0419        32       640    0.9861    0.8882    0.9647    0.5925   0.03307  0.006673  0.001937
   154/499      4.7G   0.03636  0.009622  0.001315    0.0473        43       640    0.8922    0.9372    0.9478    0.5954   0.03558  0.006991  0.002052
   155/499      4.7G    0.0336   0.00871  0.001682   0.04399        37       640     0.949    0.9346     0.952    0.5881   0.03253  0.007241  0.002065
   156/499      4.7G   0.03356   0.01023  0.002077   0.04587        67       640     0.958    0.9347    0.9591    0.6243   0.03288  0.007092  0.001698
   157/499      4.7G   0.03777   0.01047  0.002618   0.05085        38       640    0.9161    0.8616    0.9336    0.4836   0.03945  0.007391  0.001642
   158/499      4.7G   0.03778   0.01128  0.002224   0.05129        64       640    0.9299    0.8202    0.9318    0.6158   0.03201    0.0071  0.001711
   159/499      4.7G   0.03073   0.01032   0.00212   0.04317        55       640    0.9489    0.8566    0.9194    0.6196   0.02998    0.0073  0.001636
   160/499      4.7G   0.03373    0.0104  0.001942   0.04607        61       640    0.9517    0.8844     0.934    0.6493   0.02804  0.007235  0.001562
   161/499      4.7G   0.02996   0.01096  0.002007   0.04292        74       640    0.8664    0.9441    0.9366    0.6107    0.0281  0.007255  0.001508
   162/499      4.7G   0.03186   0.01015  0.001414   0.04343        60       640    0.9344    0.9347    0.9649    0.6143   0.02941  0.007147  0.001597
   163/499      4.7G   0.03484   0.01005  0.001787   0.04668        60       640    0.9997    0.8582    0.9601    0.5644   0.03303  0.007393  0.002493
   164/499      4.7G   0.03421   0.01047  0.001365   0.04605        60       640     0.887    0.8446    0.8981    0.5969      0.03  0.007608  0.008286
   165/499      4.7G    0.0324  0.009902  0.001588   0.04389        66       640    0.9002    0.8289    0.9321    0.6139   0.02932  0.007384  0.004609
   166/499      4.7G   0.03605   0.01008  0.001609   0.04774        56       640    0.8803     0.913    0.9392    0.6154   0.02958  0.007543  0.003717
   167/499      4.7G   0.02956  0.009474  0.001483   0.04052        49       640    0.9207    0.8869    0.9342    0.6479   0.02884  0.007757  0.003425
   168/499      4.7G    0.0302   0.01007  0.001327    0.0416        73       640    0.8899    0.9132     0.939    0.6463   0.02872  0.007314  0.002845
   169/499      4.7G   0.03237  0.009266  0.001497   0.04314        56       640    0.8551    0.9239    0.9394    0.6317   0.03012  0.007415  0.002884
   170/499      4.7G   0.03029  0.008805  0.001375   0.04047        49       640    0.9002     0.888    0.9384    0.6487   0.02761  0.007389  0.002647
   171/499      4.7G   0.02854   0.00968  0.001358   0.03958        67       640    0.9129     0.953    0.9582    0.6329    0.0269  0.007168  0.002008
   172/499      4.7G   0.02883  0.009126  0.001099   0.03906        57       640    0.9128     0.951    0.9643    0.6444   0.02663  0.006924  0.001756
   173/499      4.7G   0.02474   0.00843  0.001288   0.03446        57       640    0.9196    0.8991    0.9597    0.7016   0.02494  0.006832  0.001928
   174/499      4.7G   0.02484  0.008979 0.0009407   0.03475        66       640    0.9743    0.8385     0.955    0.7008   0.02614  0.006965  0.002752
   175/499      4.7G   0.03313  0.009028  0.001082   0.04324        55       640    0.9746    0.8399    0.9437    0.6681   0.02789  0.007281  0.002227
   176/499      4.7G   0.02651  0.009285  0.001254   0.03704        52       640     0.955    0.8525    0.9431    0.6747    0.0256  0.007202  0.002046
   177/499      4.7G   0.02862  0.008944  0.001604   0.03917        38       640     0.944    0.8634    0.9512    0.6545   0.02595  0.007046  0.002188
   178/499      4.7G   0.03132   0.00878  0.001146   0.04125        52       640    0.8983    0.9208    0.9558    0.5934   0.02913  0.007203  0.002292
   179/499      4.7G    0.0308  0.009903  0.001108   0.04181        56       640    0.9187    0.8926    0.9513    0.6672   0.02859  0.007193  0.002208
   180/499      4.7G   0.02987   0.00986  0.001239   0.04097        49       640    0.9633    0.8523    0.9464     0.674   0.02623  0.007018  0.002195
   181/499      4.7G   0.02814  0.008556  0.001479   0.03818        41       640    0.9521    0.8634    0.9481    0.6498   0.02676  0.006903  0.002136
   182/499      4.7G   0.02785  0.009105   0.00133   0.03829        53       640    0.9547    0.8648    0.9533    0.7119   0.02558  0.006862  0.001953
   183/499      4.7G   0.02914  0.008704  0.001343   0.03918        64       640    0.9637    0.8507    0.9532    0.6826   0.02684  0.006885  0.001658
   184/499      4.7G   0.03185  0.009034  0.001242   0.04212        50       640    0.9126    0.9099    0.9415    0.6723   0.02805  0.006876  0.002317
   185/499      4.7G   0.02782  0.009878  0.001124   0.03883        64       640    0.9196    0.9082    0.9365    0.7059   0.02537  0.006873  0.002074
   186/499      4.7G    0.0262  0.009723  0.001126   0.03705        75       640     0.958    0.8634    0.9376    0.7032   0.02616  0.006896   0.00189
   187/499      4.7G   0.03071  0.009044 0.0009998   0.04075        65       640    0.9359    0.8525    0.9282     0.639   0.02841  0.007221  0.001638
   188/499      4.7G   0.02844  0.009937  0.001067   0.03944        65       640    0.9374    0.8588    0.9229    0.6751   0.02636  0.007393  0.001445
   189/499      4.7G    0.0255  0.007778  0.001094   0.03437        50       640    0.9402    0.8954    0.9379    0.6913     0.028  0.007531  0.001341
   190/499      4.7G   0.02725  0.008019  0.001672   0.03694        41       640    0.9097    0.9069    0.9376    0.6796   0.02834   0.00735  0.001668
   191/499      4.7G   0.02942  0.009533  0.001075   0.04003        62       640    0.9104    0.9166    0.9426    0.6952   0.02776  0.007205  0.002054
   192/499      4.7G   0.02998  0.009324    0.0015    0.0408        61       640    0.9778    0.8742    0.9556    0.6219   0.02931  0.006982   0.00218
   193/499      4.7G   0.02984  0.009422  0.001668   0.04093        55       640    0.9859    0.8742    0.9691    0.6713   0.02835  0.006838  0.002296
   194/499      4.7G   0.02729  0.009317  0.001324   0.03793        63       640    0.8967    0.9664    0.9708    0.7086   0.02733  0.006774  0.002266
   195/499      4.7G   0.02743  0.008757  0.001646   0.03784        42       640    0.9571    0.9288    0.9668    0.7075   0.02533  0.006752  0.001903
   196/499      4.7G   0.02829  0.008847  0.001012   0.03815        49       640    0.9523    0.9565     0.956    0.6117   0.02745  0.006925  0.001754
   197/499      4.7G   0.02778  0.008864 0.0009877   0.03763        62       640    0.9193    0.9564    0.9536    0.6814   0.02677  0.007023   0.00184
   198/499      4.7G   0.02665  0.009537   0.00171   0.03789        73       640    0.8638    0.9565    0.9453    0.6572   0.02748  0.006924  0.002087
   199/499      4.7G   0.03099  0.009699  0.001055   0.04175        59       640    0.9609    0.8988    0.9562    0.6971   0.02764  0.006738  0.001743
   200/499      4.7G   0.02561  0.009404  0.000979   0.03599        55       640    0.9774    0.8991    0.9659    0.7057   0.02674  0.006708  0.001536
   201/499      4.7G    0.0252  0.008895  0.001103    0.0352        54       640    0.9719    0.9344    0.9766    0.7053   0.02577  0.006789  0.001355
   202/499      4.7G   0.02675  0.009373 0.0007996   0.03692        58       640    0.9732    0.9348    0.9681    0.7111   0.02772  0.007032  0.001224
   203/499      4.7G   0.02752   0.00918 0.0008072    0.0375        78       640    0.9761    0.9284    0.9722     0.713   0.02739  0.007002  0.001035
   204/499      4.7G   0.02714  0.009405 0.0008115   0.03736        63       640    0.9132    0.9535    0.9703     0.704   0.02707  0.006948   0.00093
   205/499      4.7G   0.02602  0.009002  0.001022   0.03604        66       640     0.904     0.955     0.969    0.6902   0.02647  0.006933  0.001062
   206/499      4.7G   0.02591  0.008519 0.0009383   0.03537        65       640    0.9099    0.9565    0.9691    0.7044   0.02503  0.006922   0.00117
   207/499      4.7G   0.02641  0.009517 0.0009393   0.03687        64       640    0.9655    0.9431    0.9743    0.6944   0.02615  0.006968  0.001467
   208/499      4.7G   0.02882  0.009241  0.001013   0.03908        56       640    0.9762    0.9343    0.9696    0.6715   0.02565  0.006995  0.001791
   209/499      4.7G   0.02365  0.008497  0.001099   0.03325        53       640    0.9768    0.9237    0.9752    0.6803   0.02454  0.007035   0.00195
   210/499      4.7G   0.02292  0.008509 0.0008898   0.03232        48       640    0.9797    0.9239    0.9714    0.6984   0.02521  0.007256  0.002049
   211/499      4.7G   0.02984  0.009674  0.001133   0.04064        73       640    0.9872    0.9133    0.9624    0.6684   0.02685  0.007196  0.001803
   212/499      4.7G   0.02626  0.008029  0.001251   0.03554        47       640    0.9869    0.9064    0.9599    0.6962   0.02446  0.007317  0.001569
   213/499      4.7G   0.02405   0.00915  0.001116   0.03432        63       640    0.9312    0.9283    0.9497    0.7149   0.02504  0.007304  0.001186
   214/499      4.7G   0.02595  0.007535 0.0008853   0.03437        49       640    0.9753    0.8821    0.9471    0.6621   0.02687  0.007585   0.00105
   215/499      4.7G   0.02341  0.008156 0.0008218   0.03239        61       640    0.9402    0.8968    0.9448     0.704   0.02499  0.007546  0.001114
   216/499      4.7G   0.02568  0.009314 0.0009136   0.03591        79       640    0.8948    0.9099    0.9421    0.6714   0.02693  0.007633  0.002197
   217/499      4.7G   0.03031  0.008405  0.001265   0.03998        49       640    0.9022    0.9455    0.9386    0.6052   0.02895  0.007668   0.00262
   218/499      4.7G   0.02548  0.008045   0.00115   0.03468        55       640    0.9211    0.9294    0.9485    0.6315   0.02651  0.007608   0.00158
   219/499      4.7G   0.02282  0.008113 0.0009804   0.03192        53       640    0.9246    0.9097    0.9469    0.6741    0.0243  0.007645  0.001567
   220/499      4.7G   0.02262  0.008847  0.001003   0.03247        71       640    0.9294    0.9009    0.9398    0.6799    0.0247  0.007655  0.001454
   221/499      4.7G   0.02363  0.008081  0.001035   0.03275        58       640    0.9066    0.9451    0.9364    0.6962   0.02655  0.007863  0.001195
   222/499      4.7G   0.02534  0.008635 0.0009555   0.03493        51       640    0.9226    0.9457    0.9415     0.696   0.02604  0.007906 0.0009351
   223/499      4.7G   0.02519  0.009003    0.0008     0.035        72       640    0.9225    0.9492    0.9398    0.6764   0.02558  0.007844 0.0008932
   224/499      4.7G   0.02453   0.00808 0.0008663   0.03348        82       640    0.9311    0.9565    0.9432    0.6841   0.02549  0.007731 0.0008916
   225/499      4.7G   0.02436  0.008724 0.0008382   0.03392        59       640    0.9267    0.9565    0.9522    0.6505   0.02607  0.007566 0.0009178
   226/499      4.7G   0.02368  0.008303 0.0009361   0.03292        47       640     0.972    0.9099    0.9545    0.7162   0.02559  0.007378 0.0009365
   227/499      4.7G   0.02238  0.008763 0.0007829   0.03193        49       640    0.9696    0.9098    0.9539    0.6975   0.02618  0.007194  0.000951
   228/499      4.7G   0.02592  0.008661 0.0007426   0.03532        63       640     0.963    0.9095    0.9597    0.6993   0.02586  0.007109 0.0009208
   229/499      4.7G   0.02626  0.008631 0.0007718   0.03566        63       640    0.9558    0.9497    0.9638    0.6316   0.02759   0.00718 0.0009175
   230/499      4.7G   0.02282  0.008183 0.0006617   0.03167        58       640    0.9583    0.9348    0.9647    0.7123   0.02574  0.007265 0.0009466
   231/499      4.7G   0.02402     0.008 0.0007252   0.03274        58       640    0.9164    0.9457    0.9584    0.6963   0.02617  0.007391   0.00103
   232/499      4.7G   0.02549  0.008359 0.0006694   0.03451        40       640    0.9024     0.913    0.9533    0.6854   0.02584  0.007389  0.001137
   233/499      4.7G   0.02322  0.008326 0.0007219   0.03226        65       640     0.898     0.913    0.9491    0.7084    0.0269  0.007534  0.001224
   234/499      4.7G   0.02405  0.008441 0.0008153   0.03331        57       640    0.8911    0.9282    0.9524    0.7035   0.02409  0.007243  0.001091
   235/499      4.7G   0.02178  0.007729 0.0009905    0.0305        44       640    0.9017    0.9565    0.9613     0.715   0.02451  0.007148  0.001011
   236/499      4.7G   0.02151  0.008509 0.0007572   0.03078        60       640    0.9645    0.8991     0.967    0.7078   0.02397  0.007157 0.0009612
   237/499      4.7G   0.02187  0.007806 0.0007059   0.03038        65       640    0.9629    0.9098    0.9632    0.7208   0.02373  0.007417 0.0009213
   238/499      4.7G   0.02259  0.008122 0.0009557   0.03167        62       640    0.9493    0.9099    0.9579    0.6912   0.02433  0.007579 0.0009308
   239/499      4.7G   0.02217  0.007998 0.0007254    0.0309        45       640    0.9477    0.8882    0.9482    0.7082   0.02492  0.007562  0.001009
   240/499      4.7G   0.02421  0.008255 0.0007017   0.03317        58       640    0.9639    0.8882    0.9505    0.7099   0.02476  0.007463  0.001191
   241/499      4.7G   0.02556  0.007861 0.0006781    0.0341        50       640    0.9674    0.8771    0.9584    0.6972   0.02656   0.00771  0.001265
   242/499      4.7G   0.02373  0.007425  0.000765   0.03192        46       640    0.8821     0.945    0.9524    0.6945    0.0254  0.007615  0.001313
   243/499      4.7G   0.02319  0.007845 0.0009337   0.03197        44       640    0.9118    0.9375    0.9549    0.7042   0.02513  0.007348  0.001363
   244/499      4.7G   0.02263  0.008112 0.0007559    0.0315        41       640    0.9174    0.8991    0.9539    0.6812   0.02755  0.007318  0.001506
   245/499      4.7G   0.02109  0.007213 0.0008123   0.02911        55       640    0.8948    0.9535    0.9608    0.7183    0.0249  0.007107  0.001531
   246/499      4.7G   0.02237  0.008441 0.0007197   0.03153        63       640    0.8936    0.9565     0.962      0.71   0.02474  0.007056  0.001424
   247/499      4.7G   0.02185  0.008155  0.001063   0.03107        72       640    0.9128    0.9466    0.9644    0.6899   0.02588  0.006948  0.001152
   248/499      4.7G   0.02402   0.00729 0.0007667   0.03208        46       640     0.913    0.9503    0.9599    0.6907   0.02519  0.006941 0.0009235
   249/499      4.7G   0.02299  0.007409 0.0007991   0.03119        59       640     0.891    0.9565    0.9556     0.692   0.02598   0.00694 0.0008066
   250/499      4.7G   0.02414  0.007467 0.0008486   0.03245        51       640      0.89    0.9564    0.9582    0.7037   0.02499  0.006844 0.0007885
   251/499      4.7G   0.02283  0.007828  0.001453   0.03211        66       640    0.8865    0.9555    0.9641    0.6983   0.02472   0.00707 0.0007684
   252/499      4.7G   0.02491   0.00886 0.0007633   0.03454        55       640    0.8962    0.9639    0.9494    0.6666   0.02514  0.007253 0.0008558
   253/499      4.7G    0.0227  0.007577 0.0008152   0.03109        58       640    0.9023    0.9565    0.9536    0.6825   0.02508  0.007171  0.001053
   254/499      4.7G   0.02128  0.008485 0.0009717   0.03074        60       640    0.9209    0.9457    0.9499    0.7121   0.02447  0.007174   0.00118
   255/499      4.7G   0.02278  0.008428 0.0007526   0.03196        49       640    0.9279    0.9346    0.9492    0.6919   0.02519  0.007289  0.001286
   256/499      4.7G   0.02478  0.007293 0.0007007   0.03278        50       640    0.9254     0.913    0.9479    0.6779   0.02667   0.00741  0.001301
   257/499      4.7G   0.02196  0.007678 0.0006457   0.03028        43       640    0.9405    0.8968    0.9507    0.7128   0.02408  0.007309   0.00135
   258/499      4.7G   0.02173  0.007107 0.0007102   0.02955        56       640    0.9162     0.913    0.9449    0.6886   0.02489  0.007293  0.001429
   259/499      4.7G   0.02239  0.008543 0.0006335   0.03156        64       640    0.9143     0.913    0.9464    0.6802    0.0251  0.007351   0.00156
   260/499      4.7G   0.02119  0.007462 0.0006598   0.02932        47       640    0.9411    0.9037    0.9527    0.6906    0.0252  0.007313  0.001612
   261/499      4.7G   0.02145  0.007781 0.0006906   0.02992        67       640    0.9303    0.9161    0.9528    0.6899   0.02432  0.007306  0.001867
   262/499      4.7G   0.02193  0.007887 0.0005925   0.03041        66       640    0.9387    0.9453    0.9628    0.7008   0.02386  0.007266  0.001894
   263/499      4.7G   0.01892  0.006973 0.0006925   0.02658        51       640    0.9438    0.9543    0.9624    0.7153   0.02395  0.007216  0.001999
   264/499      4.7G   0.02155  0.007449 0.0007081   0.02971        67       640    0.8875    0.9456    0.9597    0.7367   0.02331  0.007264  0.002131
   265/499      4.7G   0.02183  0.007879  0.000898    0.0306        44       640    0.8934    0.9495    0.9591    0.7099   0.02342  0.007437  0.002055
   266/499      4.7G   0.01927  0.007197  0.001042   0.02751        45       640    0.8654    0.9565     0.955    0.7334   0.02254  0.007488  0.001824
   267/499      4.7G   0.01894  0.006939 0.0006479   0.02653        55       640    0.9056      0.91    0.9603    0.7283   0.02327   0.00745  0.001316
   268/499      4.7G   0.02067  0.008263 0.0006369   0.02957        65       640    0.8889    0.9544    0.9665    0.7252   0.02381  0.007376  0.001045
   269/499      4.7G   0.02282    0.0074 0.0006807    0.0309        49       640    0.9488    0.8882    0.9658    0.6915   0.02406  0.007533 0.0008966
   270/499      4.7G   0.02173  0.007167 0.0006758   0.02957        66       640    0.9118    0.9409    0.9623    0.7006    0.0239  0.007569 0.0008502
   271/499      4.7G   0.02125  0.008256 0.0008681   0.03037        61       640    0.9496    0.8882    0.9594    0.7085   0.02364   0.00757   0.00083
   272/499      4.7G   0.01962  0.008051 0.0007563   0.02843        69       640    0.9217    0.9404    0.9614    0.7169   0.02391  0.007711 0.0008168
   273/499      4.7G   0.01875  0.007281 0.0007095   0.02674        33       640     0.903    0.9348    0.9532    0.7056   0.02377  0.007663 0.0007884
   274/499      4.7G   0.02008  0.007881 0.0007546   0.02872        44       640    0.9255    0.9447    0.9582     0.669   0.02555   0.00748 0.0007293
   275/499      4.7G    0.0217  0.007353 0.0006181   0.02967        61       640    0.9094     0.945    0.9554    0.7228   0.02347  0.007321 0.0006736
   276/499      4.7G   0.02197   0.00793 0.0006557   0.03056        57       640    0.9462    0.8773    0.9541    0.7261   0.02367  0.007147  0.000631
   277/499      4.7G   0.02059  0.007722 0.0005866    0.0289        49       640    0.8747    0.9456    0.9536    0.7283   0.02375  0.007024 0.0006153
   278/499      4.7G   0.01882  0.008078 0.0007177   0.02761        88       640    0.9411    0.9104    0.9484    0.7224   0.02308  0.006897 0.0006034
   279/499      4.7G   0.01935   0.00675 0.0006771   0.02678        47       640    0.9413    0.9189    0.9504    0.7131   0.02329  0.006828 0.0005873
   280/499      4.7G    0.0223     0.007 0.0007482   0.03005        39       640    0.9421    0.9263     0.957    0.7105   0.02336   0.00676 0.0006062
   281/499      4.7G   0.01939  0.007799 0.0006232   0.02781        61       640    0.9542    0.9369    0.9621    0.7233   0.02244   0.00671 0.0006289
   282/499      4.7G   0.01807  0.006559  0.000595   0.02523        52       640    0.9481    0.9098    0.9658    0.7254     0.023  0.006753 0.0006149
   283/499      4.7G   0.01799  0.007032 0.0005037   0.02553        61       640    0.9332    0.9457    0.9656    0.7277   0.02292  0.006771 0.0005806
   284/499      4.7G   0.01937  0.007833 0.0004841   0.02768        80       640    0.9134    0.9557    0.9672    0.7181   0.02214  0.006656  0.000544
   285/499      4.7G   0.01948  0.007075 0.0004685   0.02702        47       640    0.9044    0.9592    0.9643    0.7098   0.02282  0.006643 0.0005397
   286/499      4.7G   0.01974  0.007629 0.0005866   0.02795        65       640    0.9038    0.9508    0.9636    0.7167    0.0229  0.006645  0.000575
   287/499      4.7G   0.01957  0.007291 0.0005266   0.02739        56       640    0.9132    0.9534    0.9637    0.7191   0.02248  0.006636 0.0006419
   288/499      4.7G   0.01799  0.006755 0.0006874   0.02543        53       640    0.9505     0.899    0.9645    0.7055   0.02319  0.006768 0.0007974
   289/499      4.7G   0.02333  0.007379 0.0005109   0.03122        72       640     0.946    0.8989    0.9658     0.689   0.02358  0.006916 0.0009679
   290/499      4.7G   0.02069  0.007752 0.0005445   0.02898        57       640    0.9262    0.9099    0.9668    0.7232   0.02287  0.006981  0.001081
   291/499      4.7G   0.01916  0.008181 0.0005931   0.02793        56       640    0.9458     0.899    0.9627    0.7305    0.0224  0.007219  0.001242
   292/499      4.7G   0.01967  0.006657 0.0005993   0.02693        43       640    0.8759    0.9565    0.9544    0.7148   0.02286  0.007293  0.001304
   293/499      4.7G   0.01888  0.006963 0.0008174   0.02666        51       640     0.951    0.8798    0.9521    0.7087   0.02384  0.007341  0.001354
   294/499      4.7G   0.01857  0.007713 0.0006686   0.02695        47       640    0.9172    0.8721     0.944    0.6831   0.02428  0.007498   0.00133
   295/499      4.7G   0.02145  0.008083 0.0006135   0.03014        59       640    0.9071    0.8881    0.9438    0.7038   0.02423  0.007607  0.001291
   296/499      4.7G   0.02046  0.007408 0.0005954   0.02846        45       640    0.9129    0.8773    0.9444      0.71   0.02506  0.007705  0.001328
   297/499      4.7G   0.02188  0.006752 0.0005583   0.02919        50       640    0.9076     0.913    0.9412    0.7002   0.02399   0.00781  0.001139
   298/499      4.7G   0.01907  0.007317 0.0005851   0.02697        61       640    0.9477     0.913    0.9483    0.7294   0.02388  0.007802 0.0008806
   299/499      4.7G   0.01977  0.006736 0.0005501   0.02705        56       640    0.9502     0.913     0.951    0.7119   0.02396  0.007763 0.0006901
   300/499      4.7G   0.01958  0.006547  0.000429   0.02656        51       640    0.9527    0.9239      0.95    0.7149   0.02307  0.007628 0.0005784
   301/499      4.7G   0.02135  0.008443 0.0004493   0.03024        75       640    0.9537    0.9238    0.9526     0.729   0.02409  0.007626 0.0005732
   302/499      4.7G    0.0196  0.007653 0.0004454    0.0277        64       640    0.9504    0.9239    0.9547    0.7227   0.02295  0.007596 0.0005798
   303/499      4.7G   0.01868  0.006875 0.0004866   0.02604        59       640    0.9308    0.9239    0.9585     0.732   0.02218  0.007485 0.0005525
   304/499      4.7G   0.01795  0.006763  0.000428   0.02514        93       640    0.9279    0.9239    0.9605    0.7347   0.02287  0.007536 0.0005212
   305/499      4.7G   0.01893  0.007345  0.000411   0.02669        55       640    0.9299    0.9239    0.9616    0.7494   0.02294  0.007469 0.0005024
   306/499      4.7G   0.01966  0.007747 0.0004417   0.02784        54       640    0.9303    0.9238    0.9676    0.7476   0.02311  0.007301 0.0004947
   307/499      4.7G   0.01983  0.007512 0.0004786   0.02782        75       640    0.9751    0.8811    0.9703    0.7336   0.02287  0.007146 0.0005082
   308/499      4.7G   0.01783  0.006948 0.0005629   0.02534        57       640    0.9641    0.8856    0.9716    0.7503   0.02222  0.007064 0.0005235
   309/499      4.7G   0.01732  0.007224 0.0005391   0.02508        59       640    0.9756    0.8873    0.9692    0.7445   0.02206  0.007021 0.0005206
   310/499      4.7G   0.01727  0.006591 0.0005326   0.02439        52       640    0.9397    0.8882    0.9576    0.7432   0.02226  0.007147 0.0005171
   311/499      4.7G   0.01802  0.007344 0.0004945   0.02586        59       640    0.9091    0.8881    0.9546    0.7301   0.02231  0.007218 0.0005126
   312/499      4.7G   0.01768  0.006973 0.0004581   0.02511        64       640    0.9109    0.8881    0.9525    0.7499   0.02212  0.007355 0.0005009
   313/499      4.7G   0.01658  0.006342 0.0004439   0.02336        62       640    0.9095    0.8882    0.9512    0.7428   0.02239   0.00744 0.0004933
   314/499      4.7G   0.01625  0.006688 0.0004519   0.02339        49       640    0.9121    0.8882    0.9525    0.7553   0.02175  0.007384 0.0004826
   315/499      4.7G   0.01761  0.006898 0.0004221   0.02493        61       640    0.9201    0.8882    0.9516    0.7382   0.02231  0.007354  0.000481
   316/499      4.7G   0.01901  0.006951 0.0004294   0.02639        61       640    0.9204    0.9239    0.9573    0.7372   0.02217  0.007339 0.0004959
   317/499      4.7G    0.0183    0.0062 0.0004097   0.02491        70       640    0.9332    0.9239    0.9651    0.7381   0.02172  0.007295  0.000517
   318/499      4.7G   0.01724  0.007503 0.0004467   0.02519        65       640    0.9316    0.9238     0.954    0.7237   0.02227  0.007365 0.0005192
   319/499      4.7G   0.01772  0.006242 0.0004852   0.02445        57       640    0.8828    0.9674    0.9531    0.7351   0.02298   0.00738 0.0005279
   320/499      4.7G   0.01831  0.007001 0.0004797   0.02579        71       640    0.8882    0.9674      0.96    0.7222   0.02295  0.007369 0.0005429
   321/499      4.7G   0.01981  0.006513 0.0004732    0.0268        49       640    0.9175    0.9455    0.9576    0.7346   0.02347  0.007354   0.00055
   322/499      4.7G   0.02033  0.006873 0.0004733   0.02768        32       640    0.9126    0.9565    0.9626    0.7216   0.02391  0.007386 0.0005563
   323/499      4.7G   0.01788  0.006422 0.0005405   0.02484        54       640    0.9078    0.9565    0.9572    0.7296   0.02323  0.007347 0.0005677
   324/499      4.7G   0.01729  0.006405 0.0005518   0.02425        53       640    0.9133    0.9535    0.9622    0.7329   0.02325  0.007371 0.0005799
   325/499      4.7G   0.01601  0.006548 0.0006087   0.02316        60       640    0.8941    0.9485    0.9512    0.7342   0.02338  0.007471 0.0005609
   326/499      4.7G   0.01757  0.007145 0.0004442   0.02516        50       640    0.8942    0.9486    0.9509    0.7401   0.02314  0.007559 0.0005385
   327/499      4.7G   0.01698  0.006058 0.0004854   0.02352        52       640    0.9116    0.9354     0.956    0.7411   0.02279  0.007586 0.0005239
   328/499      4.7G   0.01826  0.007479 0.0006603    0.0264        71       640    0.9101    0.9456    0.9564    0.7453   0.02336  0.007484 0.0005114
   329/499      4.7G   0.01818   0.00665 0.0004308   0.02526        57       640    0.9416    0.9159    0.9577    0.7393   0.02253   0.00724 0.0005086
   330/499      4.7G   0.01769  0.006755 0.0004159   0.02486        67       640    0.9283    0.9347      0.96    0.7367   0.02287  0.007204 0.0005149
   331/499      4.7G    0.0173  0.006996 0.0005065    0.0248        61       640    0.9235    0.9348    0.9601    0.7352   0.02295  0.007289 0.0005219
   332/499      4.7G   0.01743  0.007263 0.0004312   0.02513        54       640    0.9149    0.9239    0.9397    0.7354    0.0228  0.007396 0.0005374
   333/499      4.7G   0.01829  0.007102 0.0005188   0.02591        50       640    0.9089    0.9239    0.9346    0.7187   0.02282  0.007484  0.000569
   334/499      4.7G   0.01673  0.006825 0.0004507     0.024        55       640    0.9227    0.9239    0.9361    0.7192   0.02285  0.007556 0.0005668
   335/499      4.7G    0.0178   0.00664 0.0005619     0.025        54       640    0.9283    0.9239    0.9479    0.6984   0.02325  0.007708 0.0005669
   336/499      4.7G    0.0195   0.00667  0.000478   0.02664        71       640     0.924    0.9239    0.9438     0.712   0.02321  0.007858 0.0005909
   337/499      4.7G   0.01741  0.006936 0.0004433   0.02479        59       640    0.9362    0.9239    0.9433    0.7086   0.02321  0.007918 0.0006099
   338/499      4.7G   0.01745   0.00668 0.0004659   0.02459        77       640     0.944    0.9239    0.9455    0.7215   0.02332  0.007962 0.0006122
   339/499      4.7G   0.01668  0.006434 0.0007198   0.02383        65       640    0.9494    0.9239    0.9517    0.7362   0.02312  0.007997 0.0006064
   340/499      4.7G   0.01783  0.006698 0.0004274   0.02496        66       640    0.9444    0.9239    0.9419    0.7008   0.02327  0.007955 0.0006258
   341/499      4.7G   0.01557  0.006884 0.0004528    0.0229        59       640    0.9418    0.9239    0.9502    0.7284   0.02283  0.007942 0.0006392
   342/499      4.7G   0.01634  0.006808 0.0004146   0.02357        49       640    0.9392    0.9348    0.9519     0.748   0.02279  0.008039 0.0005969
   343/499      4.7G   0.01643   0.00657 0.0004527   0.02345        45       640    0.9345    0.9348    0.9585    0.7402   0.02283  0.008085 0.0005812
   344/499      4.7G   0.01543  0.006541 0.0003883   0.02235        63       640    0.9342    0.9348    0.9597    0.7519   0.02291  0.008141 0.0005855
   345/499      4.7G   0.01642  0.006849 0.0004951   0.02376        65       640    0.9343    0.9348    0.9581    0.7373   0.02399   0.00827 0.0005463
   346/499      4.7G   0.01991  0.006617 0.0003776    0.0269        48       640    0.9329    0.9347     0.953    0.7125   0.02403  0.008258 0.0005374
   347/499      4.7G    0.0166  0.006172 0.0004837   0.02325        54       640    0.9342    0.9347      0.96    0.7353   0.02284  0.008068 0.0005379
   348/499      4.7G   0.01641  0.005995 0.0004175   0.02283        56       640    0.9467    0.9348     0.964    0.7357   0.02216  0.007699 0.0005358
   349/499      4.7G   0.01719  0.006311 0.0004141   0.02392        74       640    0.9547    0.9451      0.96    0.7281   0.02249  0.007544 0.0005432
   350/499      4.7G   0.01573  0.006478 0.0004288   0.02264        56       640    0.9313    0.9457    0.9566    0.7234   0.02278  0.007508 0.0005363
   351/499      4.7G   0.01601  0.006635 0.0004103   0.02305        41       640    0.9424    0.9456    0.9554    0.7336   0.02315  0.007437 0.0004976
   352/499      4.7G   0.01417  0.005365 0.0003579   0.01989        59       640    0.9291    0.9457    0.9569    0.7425   0.02307  0.007462 0.0004791
   353/499      4.7G   0.01505  0.006106 0.0004411    0.0216        55       640    0.9276    0.9457    0.9626    0.7399   0.02307  0.007514 0.0004521
   354/499      4.7G   0.01737  0.006905 0.0004121   0.02469        35       640    0.9271    0.9457    0.9636    0.7355   0.02279  0.007623 0.0004318
   355/499      4.7G    0.0152  0.006391 0.0003923   0.02198        76       640    0.9225    0.9456     0.961    0.7278   0.02303  0.007682 0.0004287
   356/499      4.7G   0.01444  0.005799 0.0004192   0.02066        61       640    0.9332    0.9239    0.9563    0.7308   0.02278  0.007738 0.0004299
   357/499      4.7G   0.01446  0.006702 0.0004035   0.02157        61       640    0.9111    0.9457    0.9508    0.7226   0.02267  0.007848 0.0004325
   358/499      4.7G   0.01751   0.00632 0.0003908   0.02422        56       640    0.9302    0.9106    0.9429    0.7253   0.02246  0.007821 0.0004339
   359/499      4.7G   0.01572  0.006709 0.0005187   0.02295        73       640    0.9024    0.9347    0.9462    0.7433   0.02195  0.007717 0.0004303
   360/499      4.7G    0.0158  0.005502 0.0003755   0.02167        50       640    0.9126    0.9457    0.9559    0.7202    0.0223   0.00765 0.0004222
   361/499      4.7G   0.01599  0.006514 0.0003661   0.02287        62       640    0.9132    0.9457    0.9514     0.717   0.02251  0.007801 0.0004241
   362/499      4.7G   0.01447  0.006301 0.0003993   0.02117        59       640    0.9153    0.9457    0.9497    0.7263   0.02238  0.007939 0.0004252
   363/499      4.7G    0.0152  0.005824 0.0003571   0.02138        47       640    0.9208    0.9457    0.9509    0.7177    0.0225   0.00813 0.0004247
   364/499      4.7G   0.01776   0.00605  0.000338   0.02414        40       640    0.9161    0.9457    0.9528    0.7157   0.02295  0.008207 0.0004236
   365/499      4.7G   0.01571  0.006808 0.0003685   0.02289        62       640    0.9366    0.9239    0.9536    0.7185   0.02258  0.008213 0.0004239
   366/499      4.7G   0.01544  0.005694 0.0003382   0.02148        45       640    0.9375    0.9239    0.9471    0.7315   0.02225  0.008253 0.0004263
   367/499      4.7G   0.01521   0.00577 0.0003486   0.02133        60       640    0.9398    0.9347    0.9492    0.7212   0.02219  0.008209 0.0004246
   368/499      4.7G    0.0148  0.005769 0.0003172   0.02089        48       640    0.9406    0.9348    0.9498     0.736   0.02172  0.008034 0.0004205
   369/499      4.7G   0.01624  0.006542 0.0003683   0.02315        65       640     0.936    0.9348    0.9509    0.7284   0.02148  0.007858 0.0004162
   370/499      4.7G   0.01708  0.006845 0.0003187   0.02425        72       640    0.9376    0.9348    0.9522    0.7209   0.02182  0.007817 0.0004139
   371/499      4.7G   0.01519  0.006092 0.0003328   0.02161        56       640     0.936    0.9348    0.9559    0.7483   0.02148  0.007678 0.0004173
   372/499      4.7G   0.01555  0.006225 0.0004194    0.0222        55       640    0.9411    0.9347    0.9547    0.7389   0.02107  0.007462 0.0004197
   373/499      4.7G   0.01448  0.006076 0.0003544   0.02091        54       640      0.93    0.9239    0.9488    0.7224   0.02137  0.007441 0.0004201
   374/499      4.7G   0.01581  0.006009 0.0003645   0.02219        70       640    0.9386    0.9239    0.9516    0.7443   0.02127  0.007496  0.000421
   375/499      4.7G   0.01432  0.005779 0.0003537   0.02046        70       640    0.9388    0.9239     0.953    0.7515   0.02098  0.007487  0.000417
   376/499      4.7G   0.01474  0.006157  0.000332   0.02123        68       640    0.9334    0.9239    0.9557    0.7591   0.02122  0.007506 0.0004187
   377/499      4.7G   0.01538   0.00671 0.0003326   0.02243        54       640    0.9247    0.9239      0.96    0.7679   0.02133  0.007441 0.0004217
   378/499      4.7G   0.01563  0.006398 0.0003502   0.02238        65       640    0.9318    0.9357    0.9671     0.764   0.02151   0.00735 0.0004296
   379/499      4.7G   0.01412   0.00622 0.0003313   0.02067        74       640    0.9319    0.9364    0.9637    0.7601   0.02121  0.007377 0.0004379
   380/499      4.7G   0.01374   0.00605 0.0003161   0.02011        79       640    0.9321    0.9385    0.9671    0.7556   0.02105  0.007441 0.0004286
   381/499      4.7G   0.01513  0.006337 0.0004492   0.02191        42       640    0.9324    0.9431    0.9636    0.7573   0.02117  0.007551 0.0004672
   382/499      4.7G   0.01427  0.006507 0.0002814   0.02105        65       640    0.9325    0.9442    0.9667    0.7524    0.0213  0.007693 0.0005537
   383/499      4.7G    0.0131  0.005455  0.000278   0.01883        58       640    0.9324    0.9435    0.9604    0.7462   0.02149  0.007839 0.0006362
   384/499      4.7G   0.01508  0.005616 0.0002856   0.02098        37       640    0.9219     0.942    0.9593    0.7574   0.02154  0.007979 0.0007424
   385/499      4.7G   0.01448  0.006558 0.0002743   0.02131        61       640    0.9222    0.9456    0.9583    0.7374   0.02211  0.008153 0.0007526
   386/499      4.7G   0.01613  0.005823  0.000276   0.02223        67       640    0.9219    0.9456    0.9585    0.7438   0.02224  0.008162 0.0007242
   387/499      4.7G   0.01516  0.005632  0.000321   0.02111        54       640    0.9311    0.9457    0.9592    0.7494   0.02227  0.008164 0.0007273
   388/499      4.7G   0.01506  0.006399 0.0003031   0.02176        49       640    0.9315    0.9457    0.9593    0.7391   0.02229  0.008164 0.0007523
   389/499      4.7G   0.01509  0.006061 0.0003178   0.02146        51       640    0.9283    0.9457    0.9547    0.7386   0.02225  0.008126 0.0007427
   390/499      4.7G   0.01582  0.006652 0.0003029   0.02277        52       640    0.9428    0.9363    0.9623    0.7403   0.02185  0.008078 0.0007383
   391/499      4.7G   0.01444  0.005626 0.0003086   0.02038        54       640    0.9361    0.9456    0.9614    0.7427    0.0214  0.007911 0.0008425
   392/499      4.7G   0.01376  0.005822 0.0003151    0.0199        51       640    0.9369    0.9457    0.9626    0.7454   0.02091  0.007836 0.0008978
   393/499      4.7G   0.01435  0.005755 0.0003115   0.02041        70       640    0.9495    0.9456    0.9612      0.75   0.02099  0.007784 0.0008884
   394/499      4.7G   0.01563  0.006153 0.0003061   0.02209        43       640    0.9544    0.9424    0.9624    0.7585   0.02105  0.007732 0.0009222
   395/499      4.7G   0.01384  0.006269 0.0003195   0.02043        50       640    0.9428    0.9377    0.9593    0.7498   0.02114  0.007729 0.0009115
   396/499      4.7G    0.0154  0.006398 0.0003366   0.02214        73       640    0.9282    0.9456    0.9586    0.7433   0.02153  0.007763 0.0009115
   397/499      4.7G   0.01388  0.006048  0.000395   0.02032        42       640     0.925    0.9456     0.957    0.7268   0.02202  0.007833 0.0008948
   398/499      4.7G   0.01598  0.006876  0.000326   0.02318        59       640    0.9225    0.9456    0.9577    0.7481   0.02155  0.007826 0.0008985
   399/499      4.7G   0.01461  0.006545 0.0003238   0.02148        46       640    0.9251    0.9456    0.9613    0.7524   0.02123   0.00781 0.0008348
   400/499      4.7G   0.01434  0.006203 0.0002991   0.02084        59       640    0.9325    0.9445    0.9629    0.7506   0.02109  0.007834 0.0008066
   401/499      4.7G   0.01348  0.005633 0.0003638   0.01947        44       640    0.9326    0.9456     0.963      0.76   0.02095  0.007875 0.0007234
   402/499      4.7G   0.01548  0.005911 0.0002886   0.02168        76       640    0.9331    0.9456    0.9674    0.7449   0.02104  0.007907 0.0006154
   403/499      4.7G   0.01465  0.005956 0.0003207   0.02092        40       640    0.9335    0.9456    0.9641    0.7429   0.02111  0.007945 0.0005478
   404/499      4.7G   0.01339  0.006253 0.0003617   0.02001        44       640    0.9337    0.9456    0.9638    0.7515   0.02111  0.007957 0.0004864
   405/499      4.7G   0.01252  0.004977 0.0002698   0.01777        48       640     0.934    0.9456    0.9599    0.7474   0.02122  0.007944 0.0004297
   406/499      4.7G   0.01422  0.005361 0.0002585   0.01984        55       640    0.9346    0.9456    0.9595     0.743   0.02138  0.007953 0.0003903
   407/499      4.7G   0.01347  0.006108 0.0002495   0.01983        53       640    0.9346    0.9456    0.9595    0.7378   0.02156  0.007976 0.0003644
   408/499      4.7G    0.0139  0.006143 0.0003622   0.02041        62       640    0.9351    0.9456    0.9592    0.7425   0.02168   0.00799  0.000336
   409/499      4.7G   0.01498  0.005848 0.0002466   0.02108        61       640    0.9353    0.9456    0.9605    0.7335   0.02182  0.007971 0.0003286
   410/499      4.7G   0.01437  0.006891 0.0002424    0.0215        83       640    0.9256    0.9456     0.961    0.7305   0.02144  0.007961 0.0003261
   411/499      4.7G   0.01479  0.006547 0.0003118   0.02165        61       640    0.9271    0.9457    0.9628     0.741   0.02141  0.008018 0.0003253
   412/499      4.7G   0.01353  0.005077 0.0002484   0.01886        56       640    0.9329    0.9509    0.9589    0.7482   0.02101  0.007981  0.000329
   413/499      4.7G   0.01263  0.005313 0.0002479   0.01819        57       640    0.9329    0.9511    0.9586    0.7533   0.02079  0.007965 0.0003305
   414/499      4.7G   0.01463  0.006201 0.0002509   0.02108        71       640    0.9329    0.9504    0.9612    0.7519   0.02087  0.007899 0.0003282
   415/499      4.7G   0.01537  0.006507 0.0002442   0.02213        56       640    0.9328    0.9491    0.9609    0.7525   0.02129  0.007913 0.0003327
   416/499      4.7G   0.01467  0.005839 0.0002368   0.02075        58       640    0.9328    0.9492    0.9616    0.7619   0.02112  0.007867 0.0003441
   417/499      4.7G   0.01366  0.005977 0.0002557   0.01989        68       640    0.9326    0.9471    0.9603    0.7623   0.02124  0.007886 0.0003747
   418/499      4.7G   0.01302  0.005796 0.0002524   0.01907        57       640    0.9431    0.9409    0.9599     0.758   0.02149  0.007975 0.0003865
   419/499      4.7G   0.01338  0.005728 0.0003772   0.01948        47       640    0.9428    0.9367    0.9538    0.7519    0.0216  0.008034 0.0003864
   420/499      4.7G   0.01359  0.006571 0.0002392    0.0204        91       640    0.9333    0.9456    0.9577     0.749   0.02186  0.008108 0.0004153
   421/499      4.7G   0.01563  0.006041  0.000239   0.02191        55       640    0.9353    0.9457    0.9621    0.7435   0.02182  0.008164 0.0004194
   422/499      4.7G   0.01369   0.00519 0.0002526   0.01913        47       640     0.936    0.9456     0.962     0.743   0.02155   0.00823 0.0004325
   423/499      4.7G   0.01492  0.006276 0.0002576   0.02145        52       640      0.94    0.9456    0.9632    0.7573   0.02155  0.008268 0.0004833
   424/499      4.7G   0.01353  0.005667 0.0002584   0.01945        50       640    0.9434    0.9451    0.9637    0.7559   0.02145  0.008214 0.0005379
   425/499      4.7G   0.01336  0.005757 0.0002641   0.01938        41       640    0.9285    0.9457     0.965    0.7505   0.02148  0.008169 0.0005376
   426/499      4.7G   0.01315  0.005616 0.0002586   0.01902        60       640    0.9234    0.9456    0.9666    0.7563   0.02109  0.008025 0.0005497
   427/499      4.7G   0.01266  0.005496 0.0002667   0.01842        58       640    0.9337    0.9347    0.9692     0.754   0.02107  0.007941  0.000547
   428/499      4.7G   0.01263   0.00529 0.0002921   0.01822        38       640    0.9235    0.9456    0.9695    0.7588   0.02138  0.007858 0.0005382
   429/499      4.7G   0.01399  0.006073 0.0005039   0.02057        52       640    0.9304    0.9456      0.97    0.7538   0.02156  0.007764 0.0005093
   430/499      4.7G   0.01334  0.005448 0.0002714   0.01906        52       640    0.9324     0.944    0.9699    0.7553   0.02142  0.007757 0.0004898
   431/499      4.7G   0.01372  0.005489 0.0002341   0.01944        49       640    0.9323    0.9421    0.9695     0.756   0.02148  0.007824 0.0004774
   432/499      4.7G   0.01199  0.005095 0.0002859   0.01737        64       640    0.9321    0.9389    0.9634    0.7419   0.02173  0.007978 0.0004217
   433/499      4.7G   0.01425  0.005784 0.0002516   0.02028        67       640    0.9319    0.9368    0.9635    0.7496   0.02145  0.008021 0.0003866
   434/499      4.7G   0.01468  0.005948 0.0002575   0.02088        48       640     0.932     0.938    0.9612    0.7471   0.02139  0.008028 0.0003685
   435/499      4.7G    0.0127   0.00562 0.0002481   0.01857        58       640     0.941    0.9348    0.9611    0.7388   0.02142  0.008007 0.0003653
   436/499      4.7G   0.01275  0.005998 0.0002311   0.01898        69       640    0.9458    0.9348    0.9625    0.7565   0.02126  0.007943 0.0003603
   437/499      4.7G   0.01225  0.005782 0.0002364   0.01826        37       640    0.9458    0.9348    0.9633    0.7522   0.02104  0.007888 0.0003645
   438/499      4.7G   0.01255  0.005813 0.0002328    0.0186        56       640    0.9449    0.9347    0.9631    0.7584    0.0207  0.007798 0.0003542
   439/499      4.7G   0.01297  0.005716 0.0002338   0.01892        57       640    0.9374    0.9456    0.9639    0.7596   0.02094  0.007707 0.0003476
   440/499      4.7G   0.01379  0.005757 0.0002224   0.01977        49       640     0.949    0.9348    0.9632     0.758   0.02087  0.007623 0.0003474
   441/499      4.7G   0.01322  0.006342  0.000216   0.01977        69       640    0.9545    0.9375     0.964    0.7538   0.02085  0.007571 0.0003699
   442/499      4.7G   0.01301  0.006191 0.0002416   0.01944        51       640    0.9517    0.9348    0.9621    0.7526    0.0213  0.007612 0.0003754
   443/499      4.7G   0.01254  0.005148 0.0002204   0.01791        50       640    0.9413    0.9239    0.9547    0.7444   0.02151  0.007664 0.0003889
   444/499      4.7G   0.01258  0.005008   0.00021    0.0178        40       640    0.9249    0.9457    0.9539    0.7438   0.02196  0.007777 0.0003769
   445/499      4.7G   0.01337   0.00509 0.0002193   0.01868        65       640    0.9456    0.9239    0.9529    0.7424   0.02208  0.007827 0.0003656
   446/499      4.7G   0.01211  0.005985 0.0002055    0.0183        61       640    0.9442    0.9239    0.9529    0.7396   0.02224   0.00782 0.0003551
   447/499      4.7G   0.01353  0.005854 0.0003556   0.01974        41       640    0.9172    0.9456    0.9543    0.7375   0.02179  0.007737 0.0003468
   448/499      4.7G   0.01358   0.00572 0.0002709   0.01957        46       640    0.9209    0.9457    0.9555    0.7351   0.02196  0.007722 0.0003524
   449/499      4.7G   0.01311  0.005748 0.0002144   0.01907        40       640    0.9314    0.9305    0.9563    0.7449   0.02158  0.007687 0.0003417
   450/499      4.7G   0.01261   0.00605 0.0002105   0.01887        56       640    0.9286    0.9457    0.9654    0.7511   0.02134  0.007641 0.0003409
   451/499      4.7G   0.01344  0.005424 0.0002562   0.01912        47       640    0.9263    0.9457    0.9662     0.751   0.02114  0.007638 0.0003414
   452/499      4.7G   0.01358  0.005732 0.0002148   0.01952        54       640    0.9353    0.9456    0.9672    0.7555    0.0208  0.007651  0.000337
   453/499      4.7G    0.0136   0.00562 0.0005723   0.01979        56       640    0.9342    0.9457    0.9779    0.7553   0.02069  0.007681 0.0003321
   454/499      4.7G   0.01355  0.005599 0.0002173   0.01936        52       640    0.9244    0.9456    0.9778    0.7685   0.02066  0.007677 0.0003339
   455/499      4.7G   0.01357  0.005655 0.0002793   0.01951        48       640    0.9265    0.9456     0.975    0.7443   0.02109  0.007695  0.000344
   456/499      4.7G    0.0125  0.005495 0.0002326   0.01823        34       640    0.9326    0.9476    0.9773    0.7666   0.02085  0.007633  0.000369
   457/499      4.7G   0.01232  0.005852 0.0003055   0.01847        64       640    0.9435    0.9484    0.9768     0.764   0.02096  0.007594 0.0003901
   458/499      4.7G   0.01207  0.005012 0.0002133    0.0173        58       640    0.9436    0.9503    0.9758    0.7601   0.02114  0.007568  0.000432
   459/499      4.7G   0.01193  0.005134 0.0002299   0.01729        40       640    0.9437    0.9526    0.9753    0.7637   0.02112  0.007546 0.0004247
   460/499      4.7G   0.01347   0.00548 0.0002155   0.01916        50       640    0.9438    0.9543     0.975    0.7481    0.0216  0.007606 0.0004236
   461/499      4.7G   0.01233  0.005647 0.0002146   0.01819        70       640    0.9438    0.9546     0.975    0.7585   0.02131  0.007618  0.000438
   462/499      4.7G   0.01258  0.005704 0.0002405   0.01853        55       640    0.9438    0.9537    0.9744    0.7483   0.02117  0.007607 0.0004297
   463/499      4.7G   0.01211  0.005642 0.0002156   0.01797        54       640    0.9541    0.9362    0.9737    0.7397    0.0211   0.00764 0.0004168
   464/499      4.7G   0.01278  0.005659 0.0002096   0.01865        69       640    0.9542    0.9373    0.9723    0.7397   0.02106  0.007666 0.0004177
   465/499      4.7G   0.01264  0.005848 0.0002095   0.01869        69       640    0.9542    0.9369    0.9723    0.7517    0.0209  0.007726 0.0004394
   466/499      4.7G    0.0128  0.005154 0.0002194   0.01818        54       640    0.9541    0.9368    0.9722    0.7558   0.02076  0.007687 0.0004445
   467/499      4.7G   0.01238  0.005498 0.0002254   0.01811        59       640    0.9539    0.9347    0.9725    0.7557   0.02075  0.007682 0.0004478
   468/499      4.7G   0.01321   0.00539 0.0002157   0.01882        43       640    0.9422    0.9457    0.9729    0.7631   0.02083  0.007611 0.0004932
   469/499      4.7G   0.01242   0.00506 0.0002171   0.01769        70       640    0.9451    0.9456    0.9726    0.7603   0.02095  0.007602 0.0005064
   470/499      4.7G   0.01314  0.005516 0.0002109   0.01886        58       640    0.9449    0.9457    0.9719    0.7486   0.02083  0.007637 0.0005097
   471/499      4.7G   0.01209  0.005161 0.0002071   0.01745        47       640    0.9463    0.9456    0.9713    0.7499   0.02081  0.007716 0.0005231
   472/499      4.7G   0.01258  0.004726  0.000252   0.01755        44       640    0.9477    0.9457    0.9733    0.7487   0.02092  0.007805 0.0005208
   473/499      4.7G   0.01275  0.006221 0.0002143   0.01918        71       640    0.9372    0.9348    0.9586    0.7487   0.02069   0.00778 0.0005241
   474/499      4.7G   0.01078  0.005484 0.0002102   0.01647        46       640    0.9368    0.9348    0.9588    0.7401   0.02109  0.007787 0.0005476
   475/499      4.7G   0.01185   0.00522 0.0002044   0.01727        70       640    0.9488    0.9457    0.9653    0.7454   0.02101  0.007801 0.0005655
   476/499      4.7G   0.01255  0.006093 0.0002224   0.01886        68       640      0.95    0.9456    0.9649    0.7398   0.02117  0.007828 0.0006105
   477/499      4.7G   0.01227  0.005361  0.000206   0.01784        39       640    0.9504    0.9456     0.965    0.7432   0.02124  0.007895 0.0006516
   478/499      4.7G    0.0132  0.005984 0.0002137   0.01939        64       640    0.9536    0.9218    0.9538    0.7416   0.02136  0.007947 0.0006084
   479/499      4.7G   0.01256  0.005587 0.0002043   0.01835        54       640     0.943    0.9385    0.9541    0.7505    0.0214  0.007962 0.0005674
   480/499      4.7G   0.01295  0.006061 0.0002009   0.01921        45       640    0.9384    0.9347    0.9536    0.7423   0.02135  0.007879 0.0004963
   481/499      4.7G   0.01268  0.005785 0.0001953   0.01866        44       640    0.9491    0.9456    0.9643    0.7474   0.02127  0.007808  0.000421
   482/499      4.7G   0.01258  0.005561 0.0002583    0.0184        60       640    0.9363    0.9348    0.9578    0.7512   0.02118  0.007716 0.0003695
   483/499      4.7G   0.01308  0.005663 0.0002083   0.01896        59       640    0.9352    0.9348    0.9647    0.7514   0.02108  0.007658 0.0002974
   484/499      4.7G    0.0125  0.005202 0.0002003    0.0179        55       640    0.9317     0.933    0.9658    0.7387   0.02108   0.00771 0.0002757
   485/499      4.7G   0.01168  0.005613 0.0002072    0.0175        45       640    0.9523    0.9029     0.966    0.7585   0.02095  0.007745 0.0002694
   486/499      4.7G    0.0125   0.00583 0.0002072   0.01854        62       640    0.9096    0.9674    0.9714    0.7489   0.02092  0.007794 0.0002655
   487/499      4.7G   0.01271   0.00597 0.0001908   0.01887        70       640    0.9114    0.9674    0.9713    0.7606    0.0208  0.007838 0.0002669
   488/499      4.7G   0.01275  0.006066 0.0001975   0.01901        71       640     0.933    0.9531    0.9715    0.7442   0.02118  0.007871 0.0002692
   489/499      4.7G    0.0143  0.006201 0.0001992    0.0207        53       640    0.9212    0.9674    0.9675    0.7599   0.02111  0.007876 0.0002758
   490/499      4.7G   0.01317  0.005539 0.0001955    0.0189        62       640    0.9199    0.9673    0.9675    0.7566   0.02108   0.00788 0.0002856
   491/499      4.7G   0.01193  0.004974 0.0002005    0.0171        67       640    0.9266    0.9565    0.9677    0.7579   0.02105  0.007885 0.0002887
   492/499      4.7G   0.01212  0.005212 0.0002169   0.01754        59       640     0.917    0.9673    0.9677    0.7579   0.02108  0.007868 0.0002922
   493/499      4.7G   0.01218  0.005192   0.00022   0.01759        46       640    0.9172    0.9674    0.9675    0.7497   0.02093  0.007826  0.000292
   494/499      4.7G   0.01248  0.005617  0.000217   0.01831        73       640    0.9327    0.9485    0.9676    0.7544   0.02074   0.00781 0.0002882
   495/499      4.7G   0.01298  0.006097 0.0002131   0.01929        65       640    0.9326    0.9458    0.9696    0.7712   0.02092  0.007812 0.0002844
   496/499      4.7G    0.0122  0.005582 0.0002076   0.01799        46       640    0.9121    0.9673    0.9698    0.7633   0.02091   0.00783 0.0002828
   497/499      4.7G   0.01182  0.005444 0.0002119   0.01747        93       640    0.9325    0.9461    0.9695    0.7647   0.02082  0.007841 0.0002803
   498/499      4.7G   0.01279  0.004889 0.0002824   0.01796        52       640    0.9251    0.9565    0.9693    0.7651   0.02056  0.007826 0.0002789
   499/499      4.7G   0.01269  0.005126 0.0002154   0.01803        69       640    0.9265    0.9565    0.9688    0.7607   0.02063  0.007849 0.0002818
